packet_nr,EMG_CH1,EMG_CH2,EMG_CH3,EMG_CH4,EMG_CH5,stim_amp1,stim_freq1,stim_pw1,stim_amp2,stim_freq2,stim_pw2,total_runtime,time_offset
60,0.20876446392826944,0.0004506799008060132,0.0006383263547367809,0.00015653413750390163,0.0,0,20,260,0,20,260,5.31513524055481,0
61,0.20874582939237976,0.0004505409378907643,0.0006379726376811353,0.00015674256337305792,0.0,0,20,260,0,20,260,5.376787185668945,250
62,0.2089536388262382,0.0004508567223264019,0.0006379978767512284,0.00015679940679191873,0.0,0,20,260,0,20,260,5.439040422439575,250
63,0.20893504471233526,0.00045111570035061277,0.0006375178903302489,0.0001565151896976147,0.0,0,20,260,0,20,260,5.575571060180664,250
0,0.20880785693104068,0.00045153255208892534,0.0006376442337104512,0.000156237300874551,0.0,0,20,260,0,20,260,5.6210854053497314,250
1,0.20895054654425219,0.00045224624045658857,0.0006377389727418858,0.00015597203158653392,0.0,0,20,260,0,20,260,5.6965367794036865,250
2,0.2089381369943213,0.0004528588985290109,0.000638351593806874,0.00015578886329118782,0.0,0,20,260,0,20,260,5.776909351348877,250
3,0.20883888080586782,0.00045345890005895245,0.0006386042065524103,0.0001562499204095976,0.0,0,20,260,0,20,260,5.8997461795806885,250
4,0.208919522669425,0.00045373678888201613,0.0006386421021649843,0.00015664782434162325,0.0,0,20,260,0,20,260,5.960999250411987,250
5,0.20888851900559127,0.0004539515430224128,0.0006386231543586973,0.00015673625360553464,0.0,0,20,260,0,20,260,6.02401065826416,250
6,0.20879546759210318,0.00045400205817003325,0.0006387936846152797,0.00015688783605583012,0.0,0,20,260,0,20,260,6.094719171524048,250
7,0.20882647125593695,0.0004542483796517634,0.0006389895279568236,0.00015714679557632394,0.0,0,20,260,0,20,260,6.156245946884155,250
8,0.20898466270106533,0.00045503156798076816,0.0006395705446730441,0.0001568625784820199,0.0,0,20,260,0,20,260,6.280115127563477,250
9,0.2089381369943213,0.0004555115914091819,0.0006404106134283438,0.00015657836138771586,0.0,0,20,260,0,20,260,6.37239146232605,250
10,0.20892263516240442,0.0004554989348667012,0.0006406442783675933,0.00015620571502950042,0.0,0,20,260,0,20,260,6.413726568222046,249
11,0.2088916112875773,0.0004559726300238746,0.0006407579652053149,0.00015599728916034414,0.0,0,20,260,0,20,260,6.497627019882202,250
12,0.20896916086914846,0.0004572105657037658,0.0006413201081301168,0.00015549200815812014,0.0,0,20,260,0,20,260,6.621958017349243,250
13,0.2090125740829131,0.000458328486274695,0.0006418000945510963,0.00015536570178535195,0.0,0,20,260,0,20,260,6.69847297668457,250
14,0.20899709246198955,0.0004588969204633031,0.0006420780203815942,0.00015522042910257974,0.0,0,20,260,0,20,260,6.746992349624634,250
15,0.20892263516240442,0.00045943378731057766,0.0006418442814274764,0.00015512569007114507,0.0,0,20,260,0,20,260,6.861680507659912,250
16,0.2089567513192176,0.00045980008689383567,0.0006414021906190707,0.0001549362120082757,0.0,0,20,260,0,20,260,6.930615186691284,250
17,0.20900018474397558,0.00046016009521328743,0.0006408779433068427,0.0001547151573522143,0.0,0,20,260,0,20,260,6.99833869934082,250
18,0.20902809612582335,0.0004608043206270433,0.0006409032563918041,0.00015462041832077963,0.0,0,20,260,0,20,260,7.098254442214966,250
19,0.20904980273270565,0.0004614990981958537,0.0006412568994325815,0.00015454462709563188,0.0,0,20,260,0,20,260,7.147672414779663,250
20,0.20900950201192042,0.00046188434558539865,0.000641042182299619,0.0001542414621950409,0.0,0,20,260,0,20,260,7.20892071723938,250
21,0.20902498363284394,0.0004618970021278794,0.0006409095476556104,0.00015411513731855564,0.0,0,20,260,0,20,260,7.302043437957764,250
22,0.20902809612582335,0.00046184644997282476,0.0006407074130502602,0.00015369828558024304,0.0,0,20,260,0,20,260,7.346665620803833,250
23,0.2090032770259616,0.00046213699533836916,0.0006405684871424455,0.0001535024977498504,0.0,0,20,260,0,20,260,7.409261703491211,259
24,0.2089536388262382,0.0004627938402871716,0.000641004286687045,0.0001534709119047998,0.0,0,20,260,0,20,260,7.50385594367981,240
25,0.20898777519404474,0.0004631601768778637,0.0006417180120621424,0.00015336354408646002,0.0,0,20,260,0,20,260,7.5638391971588135,257
26,0.20905602771866444,0.0004629328032024205,0.0006422421853595021,0.0001529151157549554,0.0,0,20,260,0,20,260,7.625972270965576,249
27,0.20898777519404474,0.0004628633402485131,0.0006424759243136199,0.00015238457717892118,0.0,0,20,260,0,20,260,7.663721084594727,244
28,0.20900950201192042,0.0004628949075898466,0.0006428106195481101,0.0001521508844840961,0.0,0,20,260,0,20,260,7.780974626541138,250
29,0.2090622324936299,0.00046264858610811643,0.0006428927760519324,0.00015225194253491262,0.0,0,20,260,0,20,260,7.827047824859619,250
30,0.20897227336212784,0.00046273699686831077,0.0006429559107345995,0.00015211298887152225,0.0,0,20,260,0,20,260,7.908843278884888,250
31,0.2088792017376464,0.00046270542952697724,0.0006432148887588104,0.00015234668156634731,0.0,0,20,260,0,20,260,8.03081464767456,250
32,0.20888540651261184,0.0004624970036578209,0.0006436443230247354,0.00015270037086641727,0.0,0,20,260,0,20,260,8.076107501983643,250
33,0.20910562549640113,0.0004625159514641079,0.0006436001361483553,0.00015275721428527808,0.0,0,20,260,0,20,260,8.19757080078125,250
34,0.20905602771866444,0.00046198541288807365,0.0006437264795285577,0.00015266879427322522,0.0,0,20,260,0,20,260,8.281831502914429,250
35,0.2091335368782489,0.0004610948659925877,0.000643391710279199,0.00015304143137958212,0.0,0,20,260,0,20,260,8.360536336898804,250
36,0.20904980273270565,0.00046083592497581094,0.0006429180151220256,0.00015332564847388616,0.0,0,20,260,0,20,260,8.423657178878784,250
37,0.20890090834452874,0.00046048853619140573,0.0006425706633450545,0.00015342038750532083,0.0,0,20,260,0,20,260,8.578848600387573,250
38,0.20883269624189577,0.00046030538639977675,0.0006424253721585652,0.00015364776118076406,0.0,0,20,260,0,20,260,8.6818368434906,250
39,0.20896604837616906,0.00046000222149918574,0.0006420780203815942,0.0001537109236190067,0.0,0,20,260,0,20,260,8.846620082855225,250
40,0.2090125740829131,0.00045951586979953163,0.0006418569379699571,0.0001542098763499903,0.0,0,20,260,0,20,260,8.959480047225952,250
41,0.2089567513192176,0.0004588021814318684,0.0006417243033259487,0.0001542919865945199,0.0,0,20,260,0,20,260,9.068008184432983,250
42,0.20894122927630732,0.000458511636066324,0.0006416358555583201,0.00015451936026996313,0.0,0,20,260,0,20,260,9.197962284088135,250
43,0.2089536388262382,0.0004581579560181126,0.0006418821770400503,0.000154557255882537,0.0,0,20,260,0,20,260,9.246904850006104,250
44,0.20899709246198955,0.0004577853281636142,0.0006422927375145567,0.00015489199737632,0.0,0,20,260,0,20,260,9.342678785324097,250
45,0.20884819807381266,0.00045668635539897195,0.0006422421853595021,0.00015534675397906503,0.0,0,20,260,0,20,260,9.44567584991455,250
46,0.2088140617060061,0.00045560000216937624,0.0006419200726526242,0.00015515095689681382,0.0,0,20,260,0,20,260,9.538887977600098,261
47,0.20886990468069497,0.0004543431186831981,0.0006411937647499144,0.00015496147883394448,0.0,0,20,260,0,20,260,9.61146330833435,240
48,0.2088606076237435,0.000454014714712514,0.0006407706217477956,0.00015511937105176324,0.0,0,20,260,0,20,260,9.67361855506897,250
49,0.20886367969473615,0.00045393892348736625,0.0006409095476556104,0.0001554099071654491,0.0,0,20,260,0,20,260,9.720394611358643,250
50,0.20890090834452874,0.00045383152791345083,0.0006411242647885729,0.00015572571010480374,0.0,0,20,260,0,20,260,9.812461853027344,249
51,0.20891643038743898,0.00045295363756044554,0.0006408148086241757,0.0001563004540609351,0.0,0,20,260,0,20,260,9.843560218811035,251
52,0.20890402083750814,0.0004521388818901073,0.0006402211353654744,0.0001564836223562812,0.0,0,20,260,0,20,260,9.905840873718262,250
53,0.20885440284877807,0.00045166518673293393,0.0006396716489831533,0.00015657836138771586,0.0,0,20,260,0,20,260,10.030508995056152,250
54,0.2087923550991238,0.00045156411943025887,0.0006395074099903771,0.00015688783605583012,0.0,0,20,260,0,20,260,10.124855041503906,250
55,0.20878615032415837,0.00045164623892664696,0.0006398990226585966,0.00015727310194909214,0.0,0,20,260,0,20,260,10.195855855941772,250
56,0.208671392303788,0.00045112199161441896,0.0006400442398302175,0.00015730468779414272,0.0,0,20,260,0,20,260,10.293930530548096,250
57,0.20876133122429663,0.00045061672911591205,0.0006397789705422005,0.00015720363899518475,0.0,0,20,260,0,20,260,10.413829565048218,250
58,0.2088140617060061,0.00045005462319854434,0.000639545305602951,0.00015739311705805412,0.0,0,20,260,0,20,260,10.477668046951294,250
59,0.2088916112875773,0.00044976407783299993,0.0006390842669882583,0.00015726679218156883,0.0,0,20,260,0,20,260,10.581849575042725,250
60,0.208872996962681,0.0004495745997701306,0.00063928632757874,0.0001571846911888978,0.0,0,20,260,0,20,260,10.663560390472412,250
61,0.2088792017376464,0.0004496630105303249,0.0006390653191819714,0.00015716574338261088,0.0,0,20,260,0,20,260,10.81381344795227,249
62,0.2088295837489164,0.00044979564517433346,0.0006385600196760303,0.00015749416585701206,0.0,0,20,260,0,20,260,10.97941517829895,250
63,0.2088171741989855,0.0004497830256392869,0.0006382758025817262,0.0001574562702444382,0.0,0,20,260,0,20,260,11.130728721618652,250
0,0.20891643038743898,0.00045008619053987786,0.0006382126678990593,0.00015719731072394438,0.0,0,20,260,0,20,260,11.211004972457886,250
1,0.20903430090078876,0.0004501746013000722,0.000638130511395237,0.0001575762668496831,0.0,0,20,260,0,20,260,11.380571126937866,266
2,0.2090405056757542,0.0004504840944719035,0.0006380610854487637,0.0001578668122152275,0.0,0,20,260,0,20,260,11.563575267791748,234
3,0.20902498363284394,0.000451343074026056,0.0006379284508047552,0.00015821418249591565,0.0,0,20,260,0,20,260,11.646990299224854,250
4,0.20896916086914846,0.00045203781458743225,0.0006381179288676245,0.0001582836639535401,0.0,0,20,260,0,20,260,11.72794222831726,256
5,0.20902809612582335,0.0004527641594975762,0.0006384526241021149,0.0001586626200792788,0.0,0,20,260,0,20,260,11.836941480636597,244
6,0.20892574765538383,0.0004532757502673235,0.0006386042065524103,0.00015885840790967146,0.0,0,20,260,0,20,260,11.914557456970215,250
7,0.20878305804217234,0.0004533515414924712,0.0006382947503880132,0.00015892156109605557,0.0,0,20,260,0,20,260,12.025915384292603,251
8,0.20890713333048755,0.0004532378546547496,0.0006383768328769671,0.0001583152312948736,0.0,0,20,260,0,20,260,12.144538879394531,250
9,0.2088792017376464,0.00045351574347781326,0.0006383199894581063,0.0001579362751691349,0.0,0,20,260,0,20,260,12.313544750213623,250
10,0.2088916112875773,0.00045444418598587316,0.0006387305499326127,0.00015738678878681375,0.0,0,20,260,0,20,260,12.413838148117065,250
11,0.208919522669425,0.0004548105225765653,0.0006391347451284446,0.00015724784437528191,0.0,0,20,260,0,20,260,12.530651569366455,250
12,0.2090808266075328,0.000454785246499038,0.0006390526626394907,0.0001568625784820199,0.0,0,20,260,0,20,260,12.611611127853394,250
13,0.208919522669425,0.00045540419583526653,0.0006388821323829083,0.00015618676722321348,0.0,0,20,260,0,20,260,12.706585168838501,250
14,0.20893504471233526,0.00045639581003342755,0.0006391663494772123,0.00015587096428385885,0.0,0,20,260,0,20,260,12.83070158958435,250
15,0.20885440284877807,0.0004575326784106437,0.000640088500721466,0.00015527096275391727,0.0,0,20,260,0,20,260,12.931740522384644,250
16,0.20903430090078876,0.0004586569272528133,0.0006412568994325815,0.00015467726173964044,0.0,0,20,260,0,20,260,13.041151523590088,250
17,0.20910562549640113,0.0004590232268360713,0.0006418569379699571,0.00015436777781966762,0.0,0,20,260,0,20,260,13.131882905960083,250
18,0.2090808266075328,0.00045918113755760714,0.0006419832813501595,0.00015369828558024304,0.0,0,20,260,0,20,260,13.246886491775513,250
19,0.20902498363284394,0.0004593642873492361,0.0006415727208756531,0.00015337617287336514,0.0,0,20,260,0,20,260,13.34630799293518,250
20,0.20896295609418303,0.0004598316912426033,0.0006416295642945139,0.00015318669481049577,0.0,0,20,260,0,20,260,13.49919843673706,263
21,0.20892574765538383,0.0004604380210437853,0.0006420148116840588,0.00015312354162411168,0.0,0,20,260,0,20,260,13.579150676727295,236
22,0.20902809612582335,0.00046116432894649506,0.0006425769546088608,0.00015316143723668554,0.0,0,20,260,0,20,260,13.677728652954102,257
23,0.2089939597580168,0.0004613538070093644,0.0006428548804393586,0.00015319933284925943,0.0,0,20,260,0,20,260,13.780693531036377,249
24,0.20897227336212784,0.00046103169430248653,0.0006423369243909368,0.0001538877636431124,0.0,0,20,260,0,20,260,13.876886367797852,244
25,0.20904980273270565,0.000461183276752782,0.0006421159159941681,0.00015489199737632,0.0,0,20,260,0,20,260,13.953579425811768,250
26,0.2090125740829131,0.00046161278503357533,0.0006425453502600931,0.00015616781941692656,0.0,0,20,260,0,20,260,14.011964797973633,251
27,0.20888851900559127,0.0004620675323844618,0.0006432464190927097,0.00015664782434162325,0.0,0,20,260,0,20,260,14.11521315574646,250
28,0.20892263516240442,0.0004621306670671288,0.0006439474879253263,0.0001570457282736489,0.0,0,20,260,0,20,260,14.192286729812622,250
29,0.20891643038743898,0.00046223173436980386,0.0006438527488938917,0.00015658467115523914,0.0,0,20,260,0,20,260,14.346760988235474,250
30,0.208872996962681,0.00046219383875722997,0.0006438527488938917,0.00015609833795930209,0.0,0,20,260,0,20,260,14.49681830406189,250
31,0.208919522669425,0.0004624022646263863,0.0006438654054363724,0.00015617412918444984,0.0,0,20,260,0,20,260,14.61070442199707,250
32,0.20915837618910396,0.00046285701197727275,0.0006437517185986508,0.00015653413750390163,0.0,0,20,260,0,20,260,14.76396656036377,250
33,0.20904980273270565,0.0004628380641709858,0.0006441054356542963,0.00015723520633651825,0.0,0,20,260,0,20,260,14.897908449172974,250
34,0.2091428541461937,0.0004627938402871716,0.0006441938094070565,0.00015839735079126172,0.0,0,20,260,0,20,260,15.010968208312988,250
35,0.2090405056757542,0.00046274332513955113,0.0006439728010102878,0.00015936368891189545,0.0,0,20,260,0,20,260,15.05872917175293,250
36,0.20889472378055668,0.0004619790846168333,0.0006437138229860769,0.00016027949338119166,0.0,0,20,260,0,20,260,15.180636405944824,250
37,0.20884508558083326,0.00046142330697070594,0.0006434296058917729,0.00016087951341485032,0.0,0,20,260,0,20,260,15.242816925048828,250
38,0.20888851900559127,0.00046085487278209786,0.0006432843147052836,0.00016059529632054628,0.0,0,20,260,0,20,260,15.304867506027222,250
39,0.20888851900559127,0.0004605896034940808,0.0006428106195481101,0.00016020370215604393,0.0,0,20,260,0,20,260,15.443862915039062,264
40,0.20898777519404474,0.00046052010353273926,0.0006426211414852409,0.00016026685534242802,0.0,0,20,260,0,20,260,15.497744083404541,237
41,0.20890402083750814,0.00046026749078720286,0.0006422421853595021,0.00016045002363777408,0.0,0,20,260,0,20,260,15.547983646392822,257
42,0.2089567513192176,0.0004599958932279454,0.0006417621989385225,0.00016075318853836507,0.0,0,20,260,0,20,260,15.64592456817627,250
43,0.208872996962681,0.0004593263917366623,0.0006414653253017377,0.00016105004367143275,0.0,0,20,260,0,20,260,15.771102666854858,243
44,0.20888851900559127,0.00045859375556271215,0.0006410927344546735,0.00016084792756979974,0.0,0,20,260,0,20,260,15.893696784973145,250
45,0.2088574951307641,0.0004578042759699012,0.0006407706217477956,0.00016075318853836507,0.0,0,20,260,0,20,260,16.02896213531494,251
46,0.2090125740829131,0.0004575705740232176,0.0006413705862703031,0.00016040581825767694,0.0,0,20,260,0,20,260,16.127787113189697,250
47,0.20904359795774022,0.0004565852880962969,0.0006418821770400503,0.00015954052893600115,0.0,0,20,260,0,20,260,16.237847805023193,250
48,0.2088420135098406,0.00045501262017448124,0.0006420843116454004,0.00015799944685923606,0.0,0,20,260,0,20,260,16.295865774154663,250
49,0.20873341984244892,0.0004536862737343957,0.0006415095861929861,0.00015614256184311634,0.0,0,20,260,0,20,260,16.357680559158325,250
50,0.20875514666032458,0.0004529599288242518,0.0006409095476556104,0.00015470883833283247,0.0,0,20,260,0,20,260,16.46575689315796,250
51,0.2088140617060061,0.00045271993561376195,0.0006406632261738802,0.0001538877636431124,0.0,0,20,260,0,20,260,16.544058561325073,250
52,0.2088606076237435,0.0004525051814733653,0.0006408210998879819,0.00015386250606930219,0.0,0,20,260,0,20,260,16.615453720092773,250
53,0.20880165215607524,0.00045238520337183746,0.0006408464129729433,0.0001539888216939289,0.0,0,20,260,0,20,260,16.72822332382202,250
54,0.2088140617060061,0.0004521262253476266,0.0006407895695540825,0.00015416567096989317,0.0,0,20,260,0,20,260,16.860748052597046,250
55,0.2088916112875773,0.00045133674575481564,0.00064037271781577,0.00015407093193845847,0.0,0,20,260,0,20,260,17.046746730804443,250
56,0.20887608924466702,0.0004508756701326888,0.0006400947919852721,0.00015384986803053854,0.0,0,20,260,0,20,260,17.160654306411743,250
57,0.20897227336212784,0.00045146938039882417,0.0006407137783289348,0.00015426041000132784,0.0,0,20,260,0,20,260,17.267632484436035,250
58,0.20891022561247358,0.00045153255208892534,0.0006405305915298717,0.0001547151573522143,0.0,0,20,260,0,20,260,17.344762086868286,264
59,0.20881096942402008,0.00045115359596318666,0.0006402337178930869,0.00015506884665228426,0.0,0,20,260,0,20,260,17.407308101654053,237
60,0.20870241617861512,0.0004505093705494308,0.0006399621573412636,0.00015579517305871113,0.0,0,20,260,0,20,260,17.47920823097229,250
61,0.20882337897395092,0.0004498145929806204,0.0006396968880532464,0.0001558204491362384,0.0,0,20,260,0,20,260,17.53166890144348,256
62,0.20886990468069497,0.0004498272495231011,0.0006394189622227486,0.00015600992719910778,0.0,0,20,260,0,20,260,17.59398317337036,244
63,0.20893195243034923,0.00045045881839437624,0.00063904000609701,0.00015635098771227263,0.0,0,20,260,0,20,260,17.688735961914062,249
0,0.2090187788578785,0.0004501746013000722,0.0006392294841598792,0.00015640783113113343,0.0,0,20,260,0,20,260,17.750768899917603,250
1,0.20894122927630732,0.0004501998773775995,0.000639324223191314,0.00015674256337305792,0.0,0,20,260,0,20,260,17.812038898468018,250
2,0.20907150933958799,0.0004500735710048313,0.0006394632231139971,0.00015707100435117619,0.0,0,20,260,0,20,260,17.87390971183777,250
3,0.20907150933958799,0.00045038302716922846,0.0006392989841212208,0.00015684994044325626,0.0,0,20,260,0,20,260,17.934972763061523,250
4,0.20896916086914846,0.0004504272510530427,0.0006390463713756844,0.00015647729408504082,0.0,0,20,260,0,20,260,18.012155294418335,250
5,0.2088295837489164,0.00045090727448145646,0.0006393305884699885,0.00015606044234672822,0.0,0,20,260,0,20,260,18.113999843597412,250
6,0.20872410257450408,0.00045156411943025887,0.0006398232314334488,0.00015525832471515363,0.0,0,20,260,0,20,260,18.19712734222412,250
7,0.20890090834452874,0.0004525304575508926,0.0006402842700481415,0.0001549930554271365,0.0,0,20,260,0,20,260,18.228283882141113,250
8,0.20900018474397558,0.0004534462805239059,0.0006405811436849262,0.00015504989884599732,0.0,0,20,260,0,20,260,18.24880814552307,250
9,0.2089784579260999,0.0004536168107804883,0.0006404926959172977,0.00015494253102765754,0.0,0,20,260,0,20,260,18.346611738204956,249
10,0.20901568657589248,0.00045402100597632017,0.0006401137397915591,0.00015484779199622287,0.0,0,20,260,0,20,260,18.460914611816406,250
11,0.20894743405127275,0.00045431787961310494,0.0006399873964113567,0.00015515095689681382,0.0,0,20,260,0,20,260,18.579877853393555,250
12,0.20888851900559127,0.00045450102940473397,0.0006401895310167068,0.00015544780277802298,0.0,0,20,260,0,20,260,18.746974229812622,250
13,0.20902809612582335,0.00045479157477027837,0.0006409095476556104,0.00015584570671004863,0.0,0,20,260,0,20,260,18.79394507408142,264
14,0.20894122927630732,0.0004552020982373506,0.0006411937647499144,0.0001565973091940028,0.0,0,20,260,0,20,260,18.87364673614502,235
15,0.20896604837616906,0.0004553410611525995,0.0006408085173603695,0.00015697626531974151,0.0,0,20,260,0,20,260,18.951160669326782,250
16,0.20904980273270565,0.00045554315875051543,0.0006404421437622432,0.00015684994044325626,0.0,0,20,260,0,20,260,19.059563875198364,255
17,0.20905912000065047,0.000456383190498381,0.0006402463744355676,0.00015648993212380446,0.0,0,20,260,0,20,260,19.136826753616333,244
18,0.2089939597580168,0.0004576337457133188,0.0006405621958786393,0.00015654677554266527,0.0,0,20,260,0,20,260,19.211791515350342,250
19,0.2089815704190793,0.0004585432404150917,0.0006411937647499144,0.0001561551813781629,0.0,0,20,260,0,20,260,19.36388111114502,251
20,0.20905602771866444,0.00045894114434711736,0.0006408400476942688,0.00015597203158653392,0.0,0,20,260,0,20,260,19.513838291168213,249
21,0.20904671045071962,0.0004590737789911259,0.0006408464129729433,0.0001555109559644071,0.0,0,20,260,0,20,260,19.5903217792511,250
22,0.20905602771866444,0.0004596990565985948,0.000641086369175999,0.0001547720007710751,0.0,0,20,260,0,20,260,19.71374225616455,250
23,0.20907464204356074,0.00046018537129081477,0.0006414969296505054,0.00015395724510073686,0.0,0,20,260,0,20,260,19.74981164932251,251
24,0.20904359795774022,0.0004610380225737269,0.0006419200726526242,0.00015426041000132784,0.0,0,20,260,0,20,260,19.842193365097046,250
25,0.20903430090078876,0.0004617580392126304,0.0006422296028318897,0.00015426671976885112,0.0,0,20,260,0,20,260,19.88915181159973,250
26,0.20901568657589248,0.0004618591065153055,0.0006425074546475192,0.00015410882755103236,0.0,0,20,260,0,20,260,20.01284170150757,249
27,0.20902809612582335,0.0004620169802294072,0.0006423495809334175,0.00015357828897499815,0.0,0,20,260,0,20,260,20.147109746932983,250
28,0.20902809612582335,0.0004625159514641079,0.0006425832458726669,0.0001532372284618333,0.0,0,20,260,0,20,260,20.245039463043213,249
29,0.20911185048235992,0.0004633433266694927,0.0006421727594130289,0.00015234036254696548,0.0,0,20,260,0,20,260,20.306880950927734,250
30,0.20917076552804145,0.00046385491743923996,0.0006426148502214346,0.0001520877220458535,0.0,0,20,260,0,20,260,20.409047842025757,250
31,0.20910873798938054,0.0004638170218266661,0.000642134863800455,0.00015180350495154946,0.0,0,20,260,0,20,260,20.486795663833618,250
32,0.20898777519404474,0.0004638044022916195,0.0006416043252244208,0.00015184771958350515,0.0,0,20,260,0,20,260,20.59582829475403,263
33,0.20891643038743898,0.0004634128266308342,0.0006411685256798213,0.00015202456885946938,0.0,0,20,260,0,20,260,20.65713882446289,238
34,0.20899709246198955,0.00046344439397216775,0.0006412506081687752,0.0001524982640166428,0.0,0,20,260,0,20,260,20.79723572731018,257
35,0.208919522669425,0.00046362125249999053,0.0006412632647112559,0.00015240352498520812,0.0,0,20,260,0,20,260,20.923658847808838,249
36,0.20891022561247358,0.00046323596810301143,0.00064154748180556,0.00015279510989785194,0.0,0,20,260,0,20,260,20.981921434402466,243
37,0.2089784579260999,0.00046287595978355967,0.0006420085204202527,0.0001530351123602003,0.0,0,20,260,0,20,260,21.04282259941101,250
38,0.20904359795774022,0.0004628127880934585,0.0006424759243136199,0.0001530351123602003,0.0,0,20,260,0,20,260,21.131009817123413,251
39,0.20904980273270565,0.0004623075255949516,0.0006427285370591562,0.00015328143384193046,0.0,0,20,260,0,20,260,21.223762273788452,250
40,0.20896604837616906,0.0004614485460407991,0.0006427790892142108,0.00015357828897499815,0.0,0,20,260,0,20,260,21.27953863143921,250
41,0.2088606076237435,0.00046063379037046087,0.0006424759243136199,0.00015364144216138223,0.0,0,20,260,0,20,260,21.326727867126465,250
42,0.20891022561247358,0.0004602801103222494,0.0006426400892915277,0.00015407724170598178,0.0,0,20,260,0,20,260,21.387412071228027,250
43,0.20890713333048755,0.00046005906491804655,0.0006436317404971229,0.00015443094025791027,0.0,0,20,260,0,20,260,21.55993676185608,250
44,0.208872996962681,0.0004600527366468062,0.0006447243479830908,0.0001545130412505813,0.0,0,20,260,0,20,260,21.637049436569214,250
45,0.20888851900559127,0.000459339048279143,0.0006444780265013605,0.00015459515149511086,0.0,0,20,260,0,20,260,21.7812442779541,250
46,0.20879853966309586,0.0004584106057710831,0.0006433159190540513,0.00015463936612706655,0.0,0,20,260,0,20,260,21.88980531692505,250
47,0.2088420135098406,0.0004577537238148466,0.0006418442814274764,0.0001548351539574592,0.0,0,20,260,0,20,260,22.0472731590271,250
48,0.20896295609418303,0.0004576842608609392,0.0006408464129729433,0.00015480357736426717,0.0,0,20,260,0,20,260,22.148427963256836,249
49,0.2088916112875773,0.00045752005887559716,0.0006405305915298717,0.00015508147543918938,0.0,0,20,260,0,20,260,22.230610132217407,250
50,0.20885440284877807,0.00045673054227535204,0.0006406948305226479,0.0001550877944585712,0.0,0,20,260,0,20,260,22.31283736228943,250
51,0.2088420135098406,0.0004556631738594774,0.0006403790090795761,0.00015514463787743202,0.0,0,20,260,0,20,260,22.390599012374878,264
52,0.20890713333048755,0.00045466523139007603,0.0006401516354041329,0.00015553623204193437,0.0,0,20,260,0,20,260,22.467530012130737,236
53,0.2089536388262382,0.0004541852449690964,0.0006399873964113567,0.00015607939015301517,0.0,0,20,260,0,20,260,22.530762910842896,257
54,0.20905912000065047,0.0004543936708382527,0.0006406126740188256,0.00015663520480657667,0.0,0,20,260,0,20,260,22.61367177963257,249
55,0.20895054654425219,0.000454014714712514,0.0006409726823382774,0.00015764574830730757,0.0,0,20,260,0,20,260,22.732023239135742,244
56,0.208872996962681,0.0004533957283688513,0.0006409095476556104,0.00015803101420056956,0.0,0,20,260,0,20,260,22.82457947731018,249
57,0.208872996962681,0.0004525494053571795,0.0006405684871424455,0.0001578668122152275,0.0,0,20,260,0,20,260,22.902918577194214,250
58,0.20887608924466702,0.0004519115082146641,0.0006399684486050697,0.0001577783829513161,0.0,0,20,260,0,20,260,22.978816986083984,250
59,0.2088420135098406,0.00045177887357065555,0.0006392673797724532,0.0001571846911888978,0.0,0,20,260,0,20,260,23.010364770889282,250
60,0.20887608924466702,0.00045222729265030165,0.0006394632231139971,0.0001571025716925097,0.0,0,20,260,0,20,260,23.111993551254272,249
61,0.20876446392826944,0.0004519999189748584,0.0006394821709202839,0.00015710889996375008,0.0,0,20,260,0,20,260,23.175020694732666,250
62,0.20884508558083326,0.00045133674575481564,0.0006389073714530014,0.00015688783605583012,0.0,0,20,260,0,20,260,23.26733422279358,250
63,0.20893195243034923,0.00045092622228774343,0.0006381494592015239,0.00015702678046736196,0.0,0,20,260,0,20,260,23.345327615737915,251
0,0.2088916112875773,0.0004508756701326888,0.000637524181594055,0.0001567741492181085,0.0,0,20,260,0,20,260,23.44469690322876,250
1,0.2088140617060061,0.0004510335808542247,0.0006372084341658516,0.00015707100435117619,0.0,0,20,260,0,20,260,23.475496530532837,250
2,0.20887608924466702,0.0004512483349946213,0.0006372210166934641,0.0001568373024044926,0.0,0,20,260,0,20,260,23.53167462348938,250
3,0.20880165215607524,0.0004511472676919463,0.0006371831210808901,0.0001568373024044926,0.0,0,20,260,0,20,260,23.595122814178467,250
4,0.20879853966309586,0.00045109675254432585,0.0006372463297784255,0.00015679309702439545,0.0,0,20,260,0,20,260,23.698524713516235,249
5,0.20879853966309586,0.0004512672828009083,0.0006371262776620293,0.00015676783945058523,0.0,0,20,260,0,20,260,23.870030403137207,249
6,0.20891643038743898,0.0004513304174835753,0.0006373725991437595,0.00015672994383801134,0.0,0,20,260,0,20,260,23.991203784942627,265
7,0.20893195243034923,0.00045153255208892534,0.000637524181594055,0.00015642045066618002,0.0,0,20,260,0,20,260,24.046794891357422,235
8,0.20884508558083326,0.00045177887357065555,0.0006374547556475818,0.00015670466776048406,0.0,0,20,260,0,20,260,24.112465620040894,250
9,0.20886990468069497,0.0004528778463352978,0.0006377705030757852,0.00015666677214791017,0.0,0,20,260,0,20,260,24.179654836654663,258
10,0.20887608924466702,0.00045351574347781326,0.0006383768328769671,0.0001565025701625681,0.0,0,20,260,0,20,260,24.27297282218933,242
11,0.20893504471233526,0.0004542420883879572,0.0006386610499712712,0.00015614256184311634,0.0,0,20,260,0,20,260,24.3979172706604,249
12,0.20902498363284394,0.0004542231405816703,0.000638875841119102,0.00015612992380435267,0.0,0,20,260,0,20,260,24.510798931121826,250
13,0.2090125740829131,0.0004541915362329026,0.0006387621542813804,0.00015579517305871113,0.0,0,20,260,0,20,260,24.57218074798584,250
14,0.20909630822845632,0.0004546968357388437,0.0006388631845766213,0.00015587729255509922,0.0,0,20,260,0,20,260,24.680551052093506,250
15,0.2089567513192176,0.0004556126217044228,0.0006391726407410184,0.00015575096767861396,0.0,0,20,260,0,20,260,24.80507516860962,250
16,0.20898466270106533,0.0004557831519610052,0.0006397284924020141,0.0001559151881676731,0.0,0,20,260,0,20,260,24.915059328079224,249
17,0.20886367969473615,0.00045579580850348594,0.0006395832012155248,0.0001557130720660401,0.0,0,20,260,0,20,260,24.97687292098999,250
18,0.208919522669425,0.0004561494885516974,0.0006394000144164617,0.0001555614896157446,0.0,0,20,260,0,20,260,25.081629037857056,250
19,0.2089815704190793,0.00045686317691936057,0.0006395074099903771,0.0001555614896157446,0.0,0,20,260,0,20,260,25.18812108039856,251
20,0.20904671045071962,0.0004579053062651421,0.0006399558660774574,0.00015537832132039853,0.0,0,20,260,0,20,260,25.29608654975891,250
21,0.20904671045071962,0.0004594843024581981,0.0006406758827163609,0.00015528991056020422,0.0,0,20,260,0,20,260,25.395330905914307,250
22,0.20903118840780938,0.00045964221317973397,0.0006412822125175429,0.00015506884665228426,0.0,0,20,260,0,20,260,25.507952213287354,250
23,0.20896604837616906,0.0004595600936833459,0.0006415411165268855,0.00015489199737632,0.0,0,20,260,0,20,260,25.5937442779541,250
24,0.2089536388262382,0.0004594653546519112,0.0006413705862703031,0.0001547783105385984,0.0,0,20,260,0,20,260,25.714200258255005,250
25,0.20892574765538383,0.00045959166102467935,0.0006415348252630793,0.00015452567928934494,0.0,0,20,260,0,20,260,25.811829328536987,250
26,0.20893504471233526,0.0004605517078815069,0.0006418948335825311,0.00015446883587048413,0.0,0,20,260,0,20,260,25.9310302734375,250
27,0.2091025332144151,0.0004612653962491701,0.0006422358940956959,0.00015494253102765754,0.0,0,20,260,0,20,260,25.976850271224976,260
28,0.20902498363284394,0.0004616001284910946,0.0006424569765073329,0.0001551320090905269,0.0,0,20,260,0,20,260,26.082019090652466,240
29,0.20902498363284394,0.0004616633001811958,0.0006424190808947591,0.00015511937105176324,0.0,0,20,260,0,20,260,26.162442445755005,256
30,0.20896604837616906,0.00046145487431203946,0.0006421411550642612,0.00015478462955798022,0.0,0,20,260,0,20,260,26.22588086128235,243
31,0.20907150933958799,0.0004619159499341663,0.0006421917072193158,0.0001548730495700331,0.0,0,20,260,0,20,260,26.335198879241943,250
32,0.2090032770259616,0.0004623264734012385,0.0006426716936402954,0.0001551320090905269,0.0,0,20,260,0,20,260,26.396771669387817,250
33,0.2090125740829131,0.0004626359665730699,0.0006435685317995876,0.00015527727252144055,0.0,0,20,260,0,20,260,26.52115225791931,250
34,0.20904359795774022,0.00046245277977400673,0.0006438212185599923,0.00015504989884599732,0.0,0,20,260,0,20,260,26.583659410476685,250
35,0.20890402083750814,0.00046229490605990503,0.000644263309368398,0.00015496778860146776,0.0,0,20,260,0,20,260,26.676125288009644,250
36,0.20901568657589248,0.00046241488416143284,0.0006443707049423134,0.00015464567589458986,0.0,0,20,260,0,20,260,26.746674299240112,250
37,0.20906532477561593,0.00046266753391440335,0.000644219122492018,0.0001545130412505813,0.0,0,20,260,0,20,260,26.84858202934265,250
38,0.20898466270106533,0.0004627748924808846,0.0006444717352375543,0.0001539888216939289,0.0,0,20,260,0,20,260,26.988394260406494,250
39,0.2089815704190793,0.0004628380641709858,0.0006444148918186935,0.00015412145633793747,0.0,0,20,260,0,20,260,27.147632837295532,251
40,0.20900950201192042,0.0004627180490620238,0.000644566474268989,0.00015414672316360623,0.0,0,20,260,0,20,260,27.229064226150513,250
41,0.20896295609418303,0.0004621117192608419,0.0006443074962447781,0.00015470883833283247,0.0,0,20,260,0,20,260,27.331881999969482,250
42,0.20892574765538383,0.0004613285679392713,0.0006441369659881957,0.00015559938522831848,0.0,0,20,260,0,20,260,27.431466579437256,250
43,0.20894122927630732,0.0004603180059348233,0.0006433664712091058,0.000156540465775142,0.0,0,20,260,0,20,260,27.58091139793396,250
44,0.20879546759210318,0.0004598758781189834,0.0006428990673157386,0.00015672361556677097,0.0,0,20,260,0,20,260,27.627039194107056,250
45,0.20890713333048755,0.000459926430274038,0.0006426843501827761,0.00015675520141182156,0.0,0,20,260,0,20,260,27.67367720603943,264
46,0.20883269624189577,0.00045952852634201236,0.0006425390589962868,0.00015675520141182156,0.0,0,20,260,0,20,260,27.704002141952515,237
47,0.2088171741989855,0.00045938956342676346,0.0006421601028705481,0.00015664151457409994,0.0,0,20,260,0,20,260,27.811973094940186,251
48,0.20891643038743898,0.0004588211292381554,0.0006420653638391135,0.00015620571502950042,0.0,0,20,260,0,20,260,27.844152450561523,250
49,0.2089784579260999,0.00045800004529657673,0.0006416674599070878,0.00015613623357187598,0.0,0,20,260,0,20,260,27.945380687713623,249
50,0.20902498363284394,0.0004579432018777159,0.000641307451587636,0.00015609833795930209,0.0,0,20,260,0,20,260,28.063793182373047,250
51,0.20908703138249823,0.00045767793258969885,0.0006412947950451553,0.00015672994383801134,0.0,0,20,260,0,20,260,28.228963375091553,251
52,0.20903430090078876,0.00045746321545673635,0.0006415600643331724,0.00015753206146958595,0.0,0,20,260,0,20,260,28.37631916999817,250
53,0.20890713333048755,0.0004562884514669463,0.0006415348252630793,0.00015817628688334176,0.0,0,20,260,0,20,260,28.50084924697876,250
54,0.20884819807381266,0.0004550062919032409,0.0006409411520043781,0.00015838471275249807,0.0,0,20,260,0,20,260,28.640169620513916,250
55,0.20876755621025547,0.0004540336625188009,0.0006402147700867999,0.00015809418589067073,0.0,0,20,260,0,20,260,28.714005708694458,250
56,0.208872996962681,0.0004539325952161259,0.0006400631876365045,0.00015762680050102063,0.0,0,20,260,0,20,260,28.7769992351532,249
57,0.2088295837489164,0.0004543052230706242,0.0006402337178930869,0.0001576583863460712,0.0,0,20,260,0,20,260,28.901487588882446,250
